{
  "metadata": {
    "timestamp": "20260223_142144",
    "n_samples": 210,
    "n_domains": 24,
    "metrics_used": [
      "mean_influence",
      "max_influence",
      "top_100_concentration",
      "mean_activation",
      "logit_entropy",
      "max_logit_prob"
    ],
    "standardized": true
  },
  "domain_geometries": {
    "grammar": {
      "domain": "grammar",
      "n_samples": 50,
      "c_over_a": 0.384482508142264,
      "b_over_a": 0.5430185413032556,
      "shape_class": "Prolate",
      "eigenvalue_entropy": 1.0559483639830416,
      "effective_dimensionality": 2.1405695307338957,
      "misalignment_angle": 26.952716097956287,
      "centroid": [
        1.4478895313195965,
        -0.4459623836967869,
        1.2712784728262236,
        1.0690205330912892,
        0.4493322033557821,
        -0.4715873767000634
      ],
      "eigenvalues": [
        3.5419038635112807,
        1.0443981327338814,
        0.5235883107472098,
        0.2125179442171179,
        0.12616925318563024,
        0.02014556442043017
      ],
      "explained_variance_ratio": [
        0.6476656102241448,
        0.19097659903266664,
        0.09574233402544771,
        0.038860615456826626,
        0.02307106276876382,
        0.0036837784921505312
      ]
    },
    "commonsense": {
      "domain": "commonsense",
      "n_samples": 50,
      "c_over_a": 0.5128687142684809,
      "b_over_a": 0.5920691039775823,
      "shape_class": "Prolate",
      "eigenvalue_entropy": 1.102693518312661,
      "effective_dimensionality": 2.3878127475403503,
      "misalignment_angle": 66.08328210316326,
      "centroid": [
        -0.1620434669816612,
        -0.14131669933432056,
        -0.25993659285810244,
        0.055559184264605654,
        0.47046869626166976,
        -0.4860904586302358
      ],
      "eigenvalues": [
        1.0992644838841734,
        0.38534257417049583,
        0.28914428390298536,
        0.054867427989664215,
        0.020964747600486253,
        0.007282328375567745
      ],
      "explained_variance_ratio": [
        0.5919999478139665,
        0.20752310944621563,
        0.1557163025739219,
        0.029548407123822142,
        0.011290394320361368,
        0.003921838721712513
      ]
    },
    "Roof shingle removal": {
      "domain": "Roof shingle removal",
      "n_samples": 1,
      "c_over_a": 0.0,
      "b_over_a": 0.0,
      "shape_class": "Spherical",
      "eigenvalue_entropy": 0.0,
      "effective_dimensionality": 0.0,
      "misalignment_angle": 0.0,
      "centroid": [
        0.0,
        0.0,
        0.0,
        0.0,
        0.0,
        0.0
      ],
      "eigenvalues": [
        0.0,
        0.0,
        0.0,
        0.0,
        0.0,
        0.0
      ],
      "explained_variance_ratio": [
        0.0,
        0.0,
        0.0,
        0.0,
        0.0,
        0.0
      ]
    },
    "Clean and jerk": {
      "domain": "Clean and jerk",
      "n_samples": 2,
      "c_over_a": 0.0,
      "b_over_a": 0.0,
      "shape_class": "Spherical",
      "eigenvalue_entropy": 0.0,
      "effective_dimensionality": 0.0,
      "misalignment_angle": 0.0,
      "centroid": [
        0.0,
        0.0,
        0.0,
        0.0,
        0.0,
        0.0
      ],
      "eigenvalues": [
        0.0,
        0.0,
        0.0,
        0.0,
        0.0,
        0.0
      ],
      "explained_variance_ratio": [
        0.0,
        0.0,
        0.0,
        0.0,
        0.0,
        0.0
      ]
    },
    "Canoeing": {
      "domain": "Canoeing",
      "n_samples": 1,
      "c_over_a": 0.0,
      "b_over_a": 0.0,
      "shape_class": "Spherical",
      "eigenvalue_entropy": 0.0,
      "effective_dimensionality": 0.0,
      "misalignment_angle": 0.0,
      "centroid": [
        0.0,
        0.0,
        0.0,
        0.0,
        0.0,
        0.0
      ],
      "eigenvalues": [
        0.0,
        0.0,
        0.0,
        0.0,
        0.0,
        0.0
      ],
      "explained_variance_ratio": [
        0.0,
        0.0,
        0.0,
        0.0,
        0.0,
        0.0
      ]
    },
    "High jump": {
      "domain": "High jump",
      "n_samples": 3,
      "c_over_a": 1.5453600095163942e-08,
      "b_over_a": 0.6351038801362417,
      "shape_class": "Triaxial",
      "eigenvalue_entropy": 0.5998280434534008,
      "effective_dimensionality": 1.6938299505726881,
      "misalignment_angle": 83.67276564430038,
      "centroid": [
        -0.44029906295064825,
        -0.7236713684169854,
        -0.5523104848233585,
        -0.2215497610551459,
        0.39022830652635593,
        -0.41416357984030805
      ],
      "eigenvalues": [
        0.17639266608916557,
        0.07114920577888709,
        4.2124995102188864e-17,
        3.3604905085248658e-18,
        0.0,
        0.0
      ],
      "explained_variance_ratio": [
        0.712577087496487,
        0.28742291250351276,
        1.7017321063421045e-16,
        1.3575442744959562e-17,
        0.0,
        0.0
      ]
    },
    "Playing harmonica": {
      "domain": "Playing harmonica",
      "n_samples": 1,
      "c_over_a": 0.0,
      "b_over_a": 0.0,
      "shape_class": "Spherical",
      "eigenvalue_entropy": 0.0,
      "effective_dimensionality": 0.0,
      "misalignment_angle": 0.0,
      "centroid": [
        0.0,
        0.0,
        0.0,
        0.0,
        0.0,
        0.0
      ],
      "eigenvalues": [
        0.0,
        0.0,
        0.0,
        0.0,
        0.0,
        0.0
      ],
      "explained_variance_ratio": [
        0.0,
        0.0,
        0.0,
        0.0,
        0.0,
        0.0
      ]
    },
    "Sumo": {
      "domain": "Sumo",
      "n_samples": 1,
      "c_over_a": 0.0,
      "b_over_a": 0.0,
      "shape_class": "Spherical",
      "eigenvalue_entropy": 0.0,
      "effective_dimensionality": 0.0,
      "misalignment_angle": 0.0,
      "centroid": [
        0.0,
        0.0,
        0.0,
        0.0,
        0.0,
        0.0
      ],
      "eigenvalues": [
        0.0,
        0.0,
        0.0,
        0.0,
        0.0,
        0.0
      ],
      "explained_variance_ratio": [
        0.0,
        0.0,
        0.0,
        0.0,
        0.0,
        0.0
      ]
    },
    "Sharpening knives": {
      "domain": "Sharpening knives",
      "n_samples": 7,
      "c_over_a": 0.19728276598008848,
      "b_over_a": 0.2559642139826241,
      "shape_class": "Prolate",
      "eigenvalue_entropy": 0.4048401552214837,
      "effective_dimensionality": 1.2235031517007167,
      "misalignment_angle": 65.02346281939381,
      "centroid": [
        -0.759343521861591,
        0.8648349426668342,
        -0.503372200561919,
        -0.642322563059107,
        0.5272240938793307,
        -0.5306686686375527
      ],
      "eigenvalues": [
        1.8059719486029802,
        0.11832309012215413,
        0.0702893127193641,
        0.006385784653591445,
        0.0024057819263879343,
        5.345125046747449e-05
      ],
      "explained_variance_ratio": [
        0.901440288487222,
        0.059060275314310705,
        0.035084497510786856,
        0.0031874268948660286,
        0.0012008319151568607,
        2.667987765738847e-05
      ]
    },
    "Playing bagpipes": {
      "domain": "Playing bagpipes",
      "n_samples": 1,
      "c_over_a": 0.0,
      "b_over_a": 0.0,
      "shape_class": "Spherical",
      "eigenvalue_entropy": 0.0,
      "effective_dimensionality": 0.0,
      "misalignment_angle": 0.0,
      "centroid": [
        0.0,
        0.0,
        0.0,
        0.0,
        0.0,
        0.0
      ],
      "eigenvalues": [
        0.0,
        0.0,
        0.0,
        0.0,
        0.0,
        0.0
      ],
      "explained_variance_ratio": [
        0.0,
        0.0,
        0.0,
        0.0,
        0.0,
        0.0
      ]
    },
    "Playing water polo": {
      "domain": "Playing water polo",
      "n_samples": 1,
      "c_over_a": 0.0,
      "b_over_a": 0.0,
      "shape_class": "Spherical",
      "eigenvalue_entropy": 0.0,
      "effective_dimensionality": 0.0,
      "misalignment_angle": 0.0,
      "centroid": [
        0.0,
        0.0,
        0.0,
        0.0,
        0.0,
        0.0
      ],
      "eigenvalues": [
        0.0,
        0.0,
        0.0,
        0.0,
        0.0,
        0.0
      ],
      "explained_variance_ratio": [
        0.0,
        0.0,
        0.0,
        0.0,
        0.0,
        0.0
      ]
    },
    "Having an ice cream": {
      "domain": "Having an ice cream",
      "n_samples": 5,
      "c_over_a": 0.3563801316234683,
      "b_over_a": 0.6677071533694662,
      "shape_class": "Triaxial",
      "eigenvalue_entropy": 0.8895722101488495,
      "effective_dimensionality": 2.0702651261316145,
      "misalignment_angle": 86.96442819795237,
      "centroid": [
        -0.5088889774159876,
        -0.3517771415220058,
        -0.5613071330040894,
        -0.44395824211438245,
        0.3863141411734138,
        -0.37717021143870866
      ],
      "eigenvalues": [
        0.6671359379053703,
        0.29743111163750063,
        0.08473079944816297,
        0.00880602702746692,
        1.3606602713486635e-16,
        0.0
      ],
      "explained_variance_ratio": [
        0.6305013647768788,
        0.2810982157599619,
        0.08007795961110481,
        0.00832245985205421,
        1.2859420536938589e-16,
        0.0
      ]
    },
    "Cheerleading": {
      "domain": "Cheerleading",
      "n_samples": 3,
      "c_over_a": 1.0628587462477223e-08,
      "b_over_a": 0.09768316345708493,
      "shape_class": "Prolate",
      "eigenvalue_entropy": 0.05346708164763686,
      "effective_dimensionality": 1.019082263409519,
      "misalignment_angle": 68.15841650361006,
      "centroid": [
        -0.8678330330024604,
        -0.45337230626273956,
        -0.6843380181982175,
        -0.6423225630591071,
        0.2336616924086706,
        -0.3174763669724916
      ],
      "eigenvalues": [
        1.1942118743726289,
        0.011395170210395631,
        1.3490637929336425e-16,
        2.8363550465053153e-17,
        0.0,
        0.0
      ],
      "explained_variance_ratio": [
        0.9905481887638298,
        0.009451811236170076,
        1.1189912990266528e-16,
        2.352636424322078e-17,
        0.0,
        0.0
      ]
    },
    "Cutting the grass": {
      "domain": "Cutting the grass",
      "n_samples": 3,
      "c_over_a": 1.1876323949443711e-08,
      "b_over_a": 0.4345631723925657,
      "shape_class": "Prolate",
      "eigenvalue_entropy": 0.43775391960750626,
      "effective_dimensionality": 1.3646847354897713,
      "misalignment_angle": 61.80880359029628,
      "centroid": [
        -0.6158350858347797,
        -0.6102700377430778,
        -0.6419875514300667,
        -0.1614393607688657,
        0.5011296581930497,
        -0.6621872998055762
      ],
      "eigenvalues": [
        0.26232082400504925,
        0.04953801556718512,
        3.6999583770733124e-17,
        1.4053274636211423e-17,
        0.0,
        0.0
      ],
      "explained_variance_ratio": [
        0.8411524405236206,
        0.15884755947637924,
        1.1864208762363165e-16,
        4.506293506218325e-17,
        0.0,
        0.0
      ]
    },
    "Washing face": {
      "domain": "Washing face",
      "n_samples": 5,
      "c_over_a": 0.4608461684715701,
      "b_over_a": 0.9138007074365891,
      "shape_class": "Oblate",
      "eigenvalue_entropy": 1.0767498680568497,
      "effective_dimensionality": 2.591050039644084,
      "misalignment_angle": 69.28936823500008,
      "centroid": [
        -0.5770395305569873,
        -0.5447147479562433,
        -0.6111237787361037,
        -0.49805760237203467,
        0.7777306764676271,
        -0.7336517614904842
      ],
      "eigenvalues": [
        0.14129466132531576,
        0.11798552589763756,
        0.030008045864172734,
        0.0114989383452454,
        2.6311934821380492e-17,
        0.0
      ],
      "explained_variance_ratio": [
        0.4697496261308613,
        0.39225584434263433,
        0.09976504556784165,
        0.0382294839586628,
        8.747691830100683e-17,
        0.0
      ]
    },
    "Paintball": {
      "domain": "Paintball",
      "n_samples": 1,
      "c_over_a": 0.0,
      "b_over_a": 0.0,
      "shape_class": "Spherical",
      "eigenvalue_entropy": 0.0,
      "effective_dimensionality": 0.0,
      "misalignment_angle": 0.0,
      "centroid": [
        0.0,
        0.0,
        0.0,
        0.0,
        0.0,
        0.0
      ],
      "eigenvalues": [
        0.0,
        0.0,
        0.0,
        0.0,
        0.0,
        0.0
      ],
      "explained_variance_ratio": [
        0.0,
        0.0,
        0.0,
        0.0,
        0.0,
        0.0
      ]
    },
    "Gargling mouthwash": {
      "domain": "Gargling mouthwash",
      "n_samples": 4,
      "c_over_a": 0.36850951900403883,
      "b_over_a": 0.5977709984547688,
      "shape_class": "Prolate",
      "eigenvalue_entropy": 0.8287409817414486,
      "effective_dimensionality": 1.9451918375115724,
      "misalignment_angle": 52.407659626991986,
      "centroid": [
        -0.6544279198117109,
        -0.5524042902416659,
        -0.6330700118450259,
        -0.7324881634885272,
        0.5125459738057976,
        -0.6884609989544394
      ],
      "eigenvalues": [
        0.11963647570658104,
        0.04274972179490512,
        0.016246545539517755,
        8.456610198473903e-18,
        1.2416340121924084e-18,
        0.0
      ],
      "explained_variance_ratio": [
        0.6697343032969006,
        0.23931627017053764,
        0.09094942653256169,
        4.734076213862286e-17,
        6.950763846846375e-18,
        0.0
      ]
    },
    "Archery": {
      "domain": "Archery",
      "n_samples": 1,
      "c_over_a": 0.0,
      "b_over_a": 0.0,
      "shape_class": "Spherical",
      "eigenvalue_entropy": 0.0,
      "effective_dimensionality": 0.0,
      "misalignment_angle": 0.0,
      "centroid": [
        0.0,
        0.0,
        0.0,
        0.0,
        0.0,
        0.0
      ],
      "eigenvalues": [
        0.0,
        0.0,
        0.0,
        0.0,
        0.0,
        0.0
      ],
      "explained_variance_ratio": [
        0.0,
        0.0,
        0.0,
        0.0,
        0.0,
        0.0
      ]
    },
    "Surfing": {
      "domain": "Surfing",
      "n_samples": 1,
      "c_over_a": 0.0,
      "b_over_a": 0.0,
      "shape_class": "Spherical",
      "eigenvalue_entropy": 0.0,
      "effective_dimensionality": 0.0,
      "misalignment_angle": 0.0,
      "centroid": [
        0.0,
        0.0,
        0.0,
        0.0,
        0.0,
        0.0
      ],
      "eigenvalues": [
        0.0,
        0.0,
        0.0,
        0.0,
        0.0,
        0.0
      ],
      "explained_variance_ratio": [
        0.0,
        0.0,
        0.0,
        0.0,
        0.0,
        0.0
      ]
    },
    "Plastering": {
      "domain": "Plastering",
      "n_samples": 1,
      "c_over_a": 0.0,
      "b_over_a": 0.0,
      "shape_class": "Spherical",
      "eigenvalue_entropy": 0.0,
      "effective_dimensionality": 0.0,
      "misalignment_angle": 0.0,
      "centroid": [
        0.0,
        0.0,
        0.0,
        0.0,
        0.0,
        0.0
      ],
      "eigenvalues": [
        0.0,
        0.0,
        0.0,
        0.0,
        0.0,
        0.0
      ],
      "explained_variance_ratio": [
        0.0,
        0.0,
        0.0,
        0.0,
        0.0,
        0.0
      ]
    },
    "Beer pong": {
      "domain": "Beer pong",
      "n_samples": 2,
      "c_over_a": 0.0,
      "b_over_a": 0.0,
      "shape_class": "Spherical",
      "eigenvalue_entropy": 0.0,
      "effective_dimensionality": 0.0,
      "misalignment_angle": 0.0,
      "centroid": [
        0.0,
        0.0,
        0.0,
        0.0,
        0.0,
        0.0
      ],
      "eigenvalues": [
        0.0,
        0.0,
        0.0,
        0.0,
        0.0,
        0.0
      ],
      "explained_variance_ratio": [
        0.0,
        0.0,
        0.0,
        0.0,
        0.0,
        0.0
      ]
    },
    "Grooming dog": {
      "domain": "Grooming dog",
      "n_samples": 3,
      "c_over_a": 3.955505718410214e-09,
      "b_over_a": 0.13558990596893758,
      "shape_class": "Prolate",
      "eigenvalue_entropy": 0.09036072269847399,
      "effective_dimensionality": 1.0367568216032497,
      "misalignment_angle": 63.708434506894235,
      "centroid": [
        -0.7720514602550703,
        0.9183177620257613,
        -0.564558362524105,
        -0.7324881634885273,
        0.4228463511342071,
        -0.7378555533543022
      ],
      "eigenvalues": [
        2.913308618336246,
        0.05356007946737764,
        4.55817008979941e-17,
        1.816789007895467e-17,
        0.0,
        0.0
      ],
      "explained_variance_ratio": [
        0.9819472700268036,
        0.0180527299731964,
        1.5363572015080508e-17,
        6.1235908728972e-18,
        0.0,
        0.0
      ]
    },
    "nli": {
      "domain": "nli",
      "n_samples": 50,
      "c_over_a": 0.18862467276785128,
      "b_over_a": 0.5162880334965313,
      "shape_class": "Prolate",
      "eigenvalue_entropy": 0.7598963395255225,
      "effective_dimensionality": 1.6734626219721773,
      "misalignment_angle": 42.42534751279405,
      "centroid": [
        -0.46997115014477153,
        0.20103104387000542,
        -0.37639765188965085,
        -0.642322563059107,
        -0.8307955753239428,
        1.0106696344822013
      ],
      "eigenvalues": [
        2.6337341447214713,
        0.7020306159118096,
        0.09370633080765069,
        0.06358861667864227,
        0.03039348897927418,
        0.005837309569730893
      ],
      "explained_variance_ratio": [
        0.7462503128447608,
        0.1989155085378565,
        0.026551039261458638,
        0.018017393739192582,
        0.00861178441441582,
        0.0016539612023156844
      ]
    },
    "paraphrase": {
      "domain": "paraphrase",
      "n_samples": 13,
      "c_over_a": 0.46378153957726526,
      "b_over_a": 0.5057489285122874,
      "shape_class": "Prolate",
      "eigenvalue_entropy": 1.0129014663344424,
      "effective_dimensionality": 2.105479638303632,
      "misalignment_angle": 84.09986323675582,
      "centroid": [
        -0.7759428459603777,
        1.5297767810546192,
        -0.3984283132054792,
        -0.1914945609120058,
        -2.1280101912174727,
        1.8338949614876514
      ],
      "eigenvalues": [
        0.5892859461498092,
        0.1507287253211888,
        0.12675146849630514,
        0.02343306742304789,
        0.009235475896166547,
        0.0028728002683293613
      ],
      "explained_variance_ratio": [
        0.653087729947869,
        0.16704807182509276,
        0.14047480576902532,
        0.02597015745755311,
        0.010235397649348174,
        0.0031838373511115154
      ]
    }
  },
  "inter_domain": {
    "domains": [
      "grammar",
      "commonsense",
      "Roof shingle removal",
      "Clean and jerk",
      "Canoeing",
      "High jump",
      "Playing harmonica",
      "Sumo",
      "Sharpening knives",
      "Playing bagpipes",
      "Playing water polo",
      "Having an ice cream",
      "Cheerleading",
      "Cutting the grass",
      "Washing face",
      "Paintball",
      "Gargling mouthwash",
      "Archery",
      "Surfing",
      "Plastering",
      "Beer pong",
      "Grooming dog",
      "nli",
      "paraphrase"
    ],
    "centroid_distance_matrix": [
      [
        0.0,
        2.4611123147231706,
        2.3406226695165904,
        2.3406226695165904,
        2.3406226695165904,
        2.939424702452418,
        2.3406226695165904,
        2.3406226695165904,
        3.5605765450025806,
        2.3406226695165904,
        2.3406226695165904,
        3.081917203019818,
        3.4908481673058436,
        3.082139847186437,
        3.2071459513609786,
        2.3406226695165904,
        3.3695808980534627,
        2.3406226695165904,
        2.3406226695165904,
        2.3406226695165904,
        2.3406226695165904,
        3.6710664709638188,
        3.684580691268467,
        5.0183401014141955
      ],
      [
        2.4611123147231706,
        0.0,
        0.757962451641583,
        0.757962451641583,
        0.757962451641583,
        0.7684054877516874,
        0.757962451641583,
        0.757962451641583,
        1.3858631615614536,
        0.757962451641583,
        0.757962451641583,
        0.7237975386451808,
        1.1606814314776523,
        0.8067499999981055,
        0.959412438703882,
        0.757962451641583,
        1.1020013431611624,
        0.757962451641583,
        0.757962451641583,
        0.757962451641583,
        0.757962451641583,
        1.5081119119917374,
        2.1555052836151503,
        3.9222527016440245
      ],
      [
        2.3406226695165904,
        0.757962451641583,
        0.0,
        0.0,
        0.0,
        1.1813146425282741,
        0.0,
        0.0,
        1.5968964871288667,
        0.0,
        0.0,
        1.0892087729185431,
        1.412432812387147,
        1.3709544156000169,
        1.547363026875277,
        0.0,
        1.5515878557144664,
        0.0,
        0.0,
        0.0,
        0.0,
        1.7372005865656335,
        1.5897214309346634,
        3.321041657578054
      ],
      [
        2.3406226695165904,
        0.757962451641583,
        0.0,
        0.0,
        0.0,
        1.1813146425282741,
        0.0,
        0.0,
        1.5968964871288667,
        0.0,
        0.0,
        1.0892087729185431,
        1.412432812387147,
        1.3709544156000169,
        1.547363026875277,
        0.0,
        1.5515878557144664,
        0.0,
        0.0,
        0.0,
        0.0,
        1.7372005865656335,
        1.5897214309346634,
        3.321041657578054
      ],
      [
        2.3406226695165904,
        0.757962451641583,
        0.0,
        0.0,
        0.0,
        1.1813146425282741,
        0.0,
        0.0,
        1.5968964871288667,
        0.0,
        0.0,
        1.0892087729185431,
        1.412432812387147,
        1.3709544156000169,
        1.547363026875277,
        0.0,
        1.5515878557144664,
        0.0,
        0.0,
        0.0,
        0.0,
        1.7372005865656335,
        1.5897214309346634,
        3.321041657578054
      ],
      [
        2.939424702452418,
        0.7684054877516874,
        1.1813146425282741,
        1.1813146425282741,
        1.1813146425282741,
        0.0,
        1.1813146425282741,
        1.1813146425282741,
        1.6843181573431234,
        1.1813146425282741,
        1.1813146425282741,
        0.44038641496513997,
        0.6958372085577672,
        0.3593645351078227,
        0.6187647390266843,
        1.1813146425282741,
        0.6580003172906783,
        1.1813146425282741,
        1.1813146425282741,
        1.1813146425282741,
        1.1813146425282741,
        1.7813580352501097,
        2.1412610930081013,
        4.0756055606479205
      ],
      [
        2.3406226695165904,
        0.757962451641583,
        0.0,
        0.0,
        0.0,
        1.1813146425282741,
        0.0,
        0.0,
        1.5968964871288667,
        0.0,
        0.0,
        1.0892087729185431,
        1.412432812387147,
        1.3709544156000169,
        1.547363026875277,
        0.0,
        1.5515878557144664,
        0.0,
        0.0,
        0.0,
        0.0,
        1.7372005865656335,
        1.5897214309346634,
        3.321041657578054
      ],
      [
        2.3406226695165904,
        0.757962451641583,
        0.0,
        0.0,
        0.0,
        1.1813146425282741,
        0.0,
        0.0,
        1.5968964871288667,
        0.0,
        0.0,
        1.0892087729185431,
        1.412432812387147,
        1.3709544156000169,
        1.547363026875277,
        0.0,
        1.5515878557144664,
        0.0,
        0.0,
        0.0,
        0.0,
        1.7372005865656335,
        1.5897214309346634,
        3.321041657578054
      ],
      [
        3.5605765450025806,
        1.3858631615614536,
        1.5968964871288667,
        1.5968964871288667,
        1.5968964871288667,
        1.6843181573431234,
        1.5968964871288667,
        1.5968964871288667,
        0.0,
        1.5968964871288667,
        1.5968964871288667,
        1.2763207643781078,
        1.3834083971688553,
        1.570022392865879,
        1.4684834152847903,
        1.5968964871288667,
        1.4386241869636127,
        1.5968964871288667,
        1.5968964871288667,
        1.5968964871288667,
        1.5968964871288667,
        0.26213852055821873,
        2.1818422739025993,
        3.646657724914268
      ],
      [
        2.3406226695165904,
        0.757962451641583,
        0.0,
        0.0,
        0.0,
        1.1813146425282741,
        0.0,
        0.0,
        1.5968964871288667,
        0.0,
        0.0,
        1.0892087729185431,
        1.412432812387147,
        1.3709544156000169,
        1.547363026875277,
        0.0,
        1.5515878557144664,
        0.0,
        0.0,
        0.0,
        0.0,
        1.7372005865656335,
        1.5897214309346634,
        3.321041657578054
      ],
      [
        2.3406226695165904,
        0.757962451641583,
        0.0,
        0.0,
        0.0,
        1.1813146425282741,
        0.0,
        0.0,
        1.5968964871288667,
        0.0,
        0.0,
        1.0892087729185431,
        1.412432812387147,
        1.3709544156000169,
        1.547363026875277,
        0.0,
        1.5515878557144664,
        0.0,
        0.0,
        0.0,
        0.0,
        1.7372005865656335,
        1.5897214309346634,
        3.321041657578054
      ],
      [
        3.081917203019818,
        0.7237975386451808,
        1.0892087729185431,
        1.0892087729185431,
        1.0892087729185431,
        0.44038641496513997,
        1.0892087729185431,
        1.0892087729185431,
        1.2763207643781078,
        1.0892087729185431,
        1.0892087729185431,
        0.0,
        0.4695886926408084,
        0.5089200716678485,
        0.5723319460516911,
        1.0892087729185431,
        0.5125121391993065,
        1.0892087729185431,
        1.0892087729185431,
        1.0892087729185431,
        1.0892087729185431,
        1.3773467830038275,
        1.9463059644012406,
        3.8616662724676254
      ],
      [
        3.4908481673058436,
        1.1606814314776523,
        1.412432812387147,
        1.412432812387147,
        1.412432812387147,
        0.6958372085577672,
        1.412432812387147,
        1.412432812387147,
        1.3834083971688553,
        1.412432812387147,
        1.412432812387147,
        0.4695886926408084,
        0.0,
        0.7152110316097537,
        0.7670006681080835,
        1.412432812387147,
        0.5305783257353817,
        1.412432812387147,
        1.412432812387147,
        1.412432812387147,
        1.412432812387147,
        1.4579760800416492,
        1.8916675626830284,
        3.798974471454355
      ],
      [
        3.082139847186437,
        0.8067499999981055,
        1.3709544156000169,
        1.3709544156000169,
        1.3709544156000169,
        0.3593645351078227,
        1.3709544156000169,
        1.3709544156000169,
        1.570022392865879,
        1.3709544156000169,
        1.3709544156000169,
        0.5089200716678485,
        0.7152110316097537,
        0.0,
        0.4490905217967853,
        1.3709544156000169,
        0.5760509948756383,
        1.3709544156000169,
        1.3709544156000169,
        1.3709544156000169,
        1.3709544156000169,
        1.6446671980618262,
        2.3566390330337694,
        4.220007381744712
      ],
      [
        3.2071459513609786,
        0.959412438703882,
        1.547363026875277,
        1.547363026875277,
        1.547363026875277,
        0.6187647390266843,
        1.547363026875277,
        1.547363026875277,
        1.4684834152847903,
        1.547363026875277,
        1.547363026875277,
        0.5723319460516911,
        0.7670006681080835,
        0.4490905217967853,
        0.0,
        1.547363026875277,
        0.36585864555794867,
        1.547363026875277,
        1.547363026875277,
        1.547363026875277,
        1.547363026875277,
        1.536743426924155,
        2.5047001802147433,
        4.417909466826354
      ],
      [
        2.3406226695165904,
        0.757962451641583,
        0.0,
        0.0,
        0.0,
        1.1813146425282741,
        0.0,
        0.0,
        1.5968964871288667,
        0.0,
        0.0,
        1.0892087729185431,
        1.412432812387147,
        1.3709544156000169,
        1.547363026875277,
        0.0,
        1.5515878557144664,
        0.0,
        0.0,
        0.0,
        0.0,
        1.7372005865656335,
        1.5897214309346634,
        3.321041657578054
      ],
      [
        3.3695808980534627,
        1.1020013431611624,
        1.5515878557144664,
        1.5515878557144664,
        1.5515878557144664,
        0.6580003172906783,
        1.5515878557144664,
        1.5515878557144664,
        1.4386241869636127,
        1.5515878557144664,
        1.5515878557144664,
        0.5125121391993065,
        0.5305783257353817,
        0.5760509948756383,
        0.36585864555794867,
        1.5515878557144664,
        0.0,
        1.5515878557144664,
        1.5515878557144664,
        1.5515878557144664,
        1.5515878557144664,
        1.4805533906943724,
        2.3167457921685926,
        4.246503402510209
      ],
      [
        2.3406226695165904,
        0.757962451641583,
        0.0,
        0.0,
        0.0,
        1.1813146425282741,
        0.0,
        0.0,
        1.5968964871288667,
        0.0,
        0.0,
        1.0892087729185431,
        1.412432812387147,
        1.3709544156000169,
        1.547363026875277,
        0.0,
        1.5515878557144664,
        0.0,
        0.0,
        0.0,
        0.0,
        1.7372005865656335,
        1.5897214309346634,
        3.321041657578054
      ],
      [
        2.3406226695165904,
        0.757962451641583,
        0.0,
        0.0,
        0.0,
        1.1813146425282741,
        0.0,
        0.0,
        1.5968964871288667,
        0.0,
        0.0,
        1.0892087729185431,
        1.412432812387147,
        1.3709544156000169,
        1.547363026875277,
        0.0,
        1.5515878557144664,
        0.0,
        0.0,
        0.0,
        0.0,
        1.7372005865656335,
        1.5897214309346634,
        3.321041657578054
      ],
      [
        2.3406226695165904,
        0.757962451641583,
        0.0,
        0.0,
        0.0,
        1.1813146425282741,
        0.0,
        0.0,
        1.5968964871288667,
        0.0,
        0.0,
        1.0892087729185431,
        1.412432812387147,
        1.3709544156000169,
        1.547363026875277,
        0.0,
        1.5515878557144664,
        0.0,
        0.0,
        0.0,
        0.0,
        1.7372005865656335,
        1.5897214309346634,
        3.321041657578054
      ],
      [
        2.3406226695165904,
        0.757962451641583,
        0.0,
        0.0,
        0.0,
        1.1813146425282741,
        0.0,
        0.0,
        1.5968964871288667,
        0.0,
        0.0,
        1.0892087729185431,
        1.412432812387147,
        1.3709544156000169,
        1.547363026875277,
        0.0,
        1.5515878557144664,
        0.0,
        0.0,
        0.0,
        0.0,
        1.7372005865656335,
        1.5897214309346634,
        3.321041657578054
      ],
      [
        3.6710664709638188,
        1.5081119119917374,
        1.7372005865656335,
        1.7372005865656335,
        1.7372005865656335,
        1.7813580352501097,
        1.7372005865656335,
        1.7372005865656335,
        0.26213852055821873,
        1.7372005865656335,
        1.7372005865656335,
        1.3773467830038275,
        1.4579760800416492,
        1.6446671980618262,
        1.536743426924155,
        1.7372005865656335,
        1.4805533906943724,
        1.7372005865656335,
        1.7372005865656335,
        1.7372005865656335,
        1.7372005865656335,
        0.0,
        2.2974432420842588,
        3.716845484600886
      ],
      [
        3.684580691268467,
        2.1555052836151503,
        1.5897214309346634,
        1.5897214309346634,
        1.5897214309346634,
        2.1412610930081013,
        1.5897214309346634,
        1.5897214309346634,
        2.1818422739025993,
        1.5897214309346634,
        1.5897214309346634,
        1.9463059644012406,
        1.8916675626830284,
        2.3566390330337694,
        2.5047001802147433,
        1.5897214309346634,
        2.3167457921685926,
        1.5897214309346634,
        1.5897214309346634,
        1.5897214309346634,
        1.5897214309346634,
        2.2974432420842588,
        0.0,
        2.103183503405147
      ],
      [
        5.0183401014141955,
        3.9222527016440245,
        3.321041657578054,
        3.321041657578054,
        3.321041657578054,
        4.0756055606479205,
        3.321041657578054,
        3.321041657578054,
        3.646657724914268,
        3.321041657578054,
        3.321041657578054,
        3.8616662724676254,
        3.798974471454355,
        4.220007381744712,
        4.417909466826354,
        3.321041657578054,
        4.246503402510209,
        3.321041657578054,
        3.321041657578054,
        3.321041657578054,
        3.321041657578054,
        3.716845484600886,
        2.103183503405147,
        0.0
      ]
    ],
    "mean_centroid_distance": 1.3200746786766968
  },
  "shape_statistics": {
    "eff_dim_variance": 0.9093417481512448,
    "c_over_a_variance": 0.034052380659045645,
    "b_over_a_variance": 0.08514503411585617
  },
  "pca": {
    "explained_variance_ratio": [
      0.48379308961808304,
      0.2820944040498326,
      0.15949094540880232
    ],
    "components": [
      [
        0.5043168388313903,
        -0.21245539745521258,
        0.45638978161705307,
        0.45719476317362623,
        0.37369838160347335,
        -0.37889057194968173
      ],
      [
        -0.27671188073822656,
        -0.22897197766801103,
        -0.3914257544894116,
        -0.32234705269648867,
        0.5577150987024586,
        -0.5503040010037198
      ],
      [
        -0.22555937948705962,
        0.8960957185119237,
        0.17180533992445726,
        0.12282406268475228,
        0.2222593581360646,
        -0.22832735734031137
      ]
    ]
  }
}